# Electronic CD-spectrum of , IRREP a   
# singlet excitations
#  excitation energy / nm  rotatory strength (length rep.) / 10^(-40)erg*cm^3
 0.25199340685602E+03   -.41324389017331E+02   0.75942318198304E+02   -.10544758586551E+03   -.11819121350125E+02   0.13741805409168E+02   0.29484513901540E+02   0.43356092162044E+02
 0.25198854460795E+03   -.41317231895199E+02   -.10546438176040E+03   0.75972181268168E+02   -.11825031402972E+02   -.13736517356223E+02   -.29482801896959E+02   -.43346621771175E+02
 0.24393285308685E+03   0.73405568713131E+02   0.36733089303683E+02   0.36672484895154E+02   -.54857064384350E-05   -.95513521293244E-02   0.39901783014553E-02   0.11166728874055E-01
 0.22904528655078E+03   -.51973143183628E+02   -.25985772009580E+02   -.25987362700470E+02   -.84735781271661E-05   -.12918597349376E-02   0.27689006606721E-01   0.67535902595913E-01
 0.21570354413579E+03   0.12754315551981E+02   0.90055858179835E+02   -.61201765456977E+02   -.16099777170876E+02   0.45983406586773E+02   -.24721601102123E+02   -.35196916556557E+02
 0.21570231656257E+03   0.12942323476238E+02   -.61068752291167E+02   0.90086844694380E+02   -.16075768926975E+02   -.46041606523241E+02   0.24747835229339E+02   0.35171524817104E+02
 0.20297657379690E+03   -.13402263539622E+02   -.21102977673097E+02   0.12197013697902E+02   -.44962995644271E+01   0.34017971370103E+01   -.62803091893593E+01   -.14287526648154E+02
 0.20296738779100E+03   -.13403915416713E+02   0.12210288544147E+02   -.21117026454617E+02   -.44971775062434E+01   -.34284242425796E+01   0.63561061228260E+01   0.14339399854901E+02
 0.20123584228204E+03   0.33933149754316E+02   0.16957756446950E+02   0.16975423813712E+02   -.30506345456871E-04   0.35232135770667E-02   -.11084062097133E+00   -.33825664026101E-01
 0.20009174852260E+03   0.44885648429986E+02   0.22442335789508E+02   0.22443305269893E+02   0.73705853331774E-05   -.35121810599079E-02   -.31416983737101E-02   -.45538473974184E-01
 0.19573908760633E+03   -.27902096651409E+02   0.62547829216538E+02   -.81149197758124E+02   -.93007281098229E+01   0.23429454962170E+02   0.34386403121927E+02   0.30037320283050E+02
 0.19573529529940E+03   -.27785923032515E+02   -.81720308043233E+02   0.63211738771198E+02   -.92773537604806E+01   -.23794047796717E+02   -.34149121841546E+02   -.31576688555691E+02
 0.19567476288263E+03   -.59789211211584E+02   -.29463392946716E+02   -.30320273143013E+02   -.55451218540767E-02   0.37382447687814E+00   -.27513785040731E+00   0.15102586414056E+01
 0.19164561137524E+03   -.57181408348040E+01   -.28637537116913E+01   -.28543902030366E+01   0.30799239278956E-05   -.31148411892778E-02   0.10236163431304E-02   -.48700198083851E-01
 0.18888495997548E+03   0.66450368726330E+02   -.54126797501995E+02   0.14341928985047E+03   -.22842123622149E+02   -.20440630590426E+03   -.12584011341503E+03   0.63176217826391E+02
 0.18888262593678E+03   0.66204833519727E+02   0.14310628478899E+03   -.54093382050216E+02   -.22808069219046E+02   0.20467819345603E+03   0.12589152715523E+03   -.63209985601659E+02
 0.18612114174433E+03   -.23808834251755E+03   -.14810256620537E+03   -.59232992080231E+02   -.30752784231953E+02   -.94920550012503E+02   -.14214950474751E+03   -.12886663399983E+02
 0.18611846979052E+03   -.23782329612805E+03   -.59068229550538E+02   -.14808537244648E+03   -.30669694131030E+02   0.94801082262033E+02   0.14190248735146E+03   0.13047920473872E+02
 0.18330429739959E+03   0.13627502333076E+02   0.62817556877350E+02   -.62829194782693E+02   0.13639140238419E+02   -.15566143327992E+03   -.29081232143618E+02   0.14082947832589E+02
 0.18330187489821E+03   0.13344012441738E+02   -.63068817627063E+02   0.62554665521364E+02   0.13858164547437E+02   0.15539518680394E+03   0.29400622111460E+02   -.14089833487663E+02
 0.18175470361091E+03   -.17287274054998E+02   0.11604092634571E+02   -.17715660278349E+02   -.11175706411220E+02   -.22220729052991E+02   -.12086588290900E+01   -.56129714252810E+01
 0.18175191067995E+03   -.17104123918324E+02   -.17637483222445E+02   0.11621474844278E+02   -.11088115540157E+02   0.22318238421718E+02   0.11775540143021E+01   0.56361780673802E+01
 0.18060348453508E+03   -.50840379966772E+00   -.27757690793749E+00   -.23096853064241E+00   0.14163891217672E-03   -.49230672019980E-02   -.28157575846195E-02   -.18305111274393E-01
 0.17681876703007E+03   0.13215085719480E+02   0.50155328718505E+01   0.11714776042330E-01   0.81878380715869E+01   -.86305420607796E-01   0.17038029039935E+02   -.68760942330474E+01
 0.17681663128403E+03   0.13233030402741E+02   -.38752437711649E-02   0.50296322199960E+01   0.82072734265162E+01   0.21026737379610E-01   -.16990303946969E+02   0.67820609640187E+01
 0.17566683243885E+03   0.44833504559804E+03   0.22442832201488E+03   0.22390677339656E+03   -.49813397339449E-04   0.10677952086475E+00   -.16103731262028E-01   -.43489285252460E-01
 0.17458756882420E+03   0.53108114837317E+01   0.26370164111893E+01   0.26744534397567E+01   -.65836721427592E-03   0.28688264531611E+00   0.58677872307291E-01   0.26029888031363E+00
 0.17413659195348E+03   -.13154978392331E+02   -.93808284456131E+01   0.13111460275219E+01   -.50852959742393E+01   0.62500261136172E+01   -.55194104126060E+01   -.25424087626877E+01
 0.17413245415880E+03   -.13157005807762E+02   0.13267119150962E+01   -.94333470038346E+01   -.50503707190231E+01   -.64791130004829E+01   0.54134206145526E+01   0.23836026575719E+01
 0.17228601449724E+03   -.10674437481527E+02   0.16938733052174E+02   -.22754773608843E+02   -.48583969248587E+01   0.26599355991700E+02   0.53633002998765E+00   0.27325116661188E+01
